S100
Demonstration
    0   11   12     1500.00000          0.00000     2    2    2
26-05-89
Typical gear shaft
M
    1       15.00000       25.00000        0.00000       -1.00000        0.00000    19174.75985    38349.51970   204000.00000    78200.00000
    1       30.00000       25.00000        0.00000       -1.00000        0.00000    19174.75985    38349.51970   204000.00000    78200.00000
    1       50.00000       27.00000        0.00000       -1.00000        0.00000    26087.04908    52174.09817   204000.00000    78200.00000
    1       60.00000       30.00000        0.00000       -1.00000        0.00000    39760.78202    79521.56404   204000.00000    78200.00000
    1       70.00000       30.00000        0.00000       -1.00000        0.00000    39760.78202    79521.56404   204000.00000    78200.00000
    1      120.00000       32.00000        0.00000       -1.00000        0.00000    51471.85404   102943.70807   204000.00000    78200.00000
    1      130.00000       40.00000        0.00000       -1.00000        0.00000   125663.70614   251327.41229   204000.00000    78200.00000
    1      140.00000       40.00000        0.00000       -1.00000        0.00000   125663.70614   251327.41229   204000.00000    78200.00000
    1      190.00000       32.00000        0.00000       -1.00000        0.00000    51471.85404   102943.70807   204000.00000    78200.00000
    1      205.00000       25.00000        0.00000       -1.00000        0.00000    19174.75985    38349.51970   204000.00000    78200.00000
    1      220.00000       25.00000        0.00000       -1.00000        0.00000    19174.75985    38349.51970   204000.00000    78200.00000
         5         1   0.000E+00   0.000E+00   0.000E+00   0.000E+00   0.000E+00   0.000E+00
        11         1   0.000E+00   0.000E+00   0.000E+00   0.000E+00   0.000E+00   0.000E+00
 2.040E+05   7.820E+04
 1.095E+05   4.080E+04
 7.004E+04   2.584E+04
 
         0         0        0.00000        0.00000        0.00000        0.00000        0.00000
 
         0         0        0.00000        0.00000        0.00000        0.00000        0.00000
R
 
 
    4    8    0
        0.00000        0.00000        0.00000       50.00000      114.00000       20.00000      180.00000
        0.00000        0.00000        0.00000        0.00000        0.00000        0.00000        0.00000
        0.00000        0.00000        0.00000        0.00000        0.00000        0.00000
        0.00000        0.00000        0.00000        0.00000
 
C
 
    3    2    0
        0.00000        0.00000   318176.46000        0.00000        0.00000        0.00000        0.00000
        0.00000        0.00000        0.00000        0.00000        0.00000        0.00000        0.00000
        0.00000        0.00000        0.00000        0.00000        0.00000        0.00000
        0.00000        0.00000        0.00000        0.00000
